0.02731       ,       0       7.07
0.02729       ,       0       7.07
0.03237       ,       0       2.18
0.06905       ,       0       2.18
0.02985       ,       0       2.18
0.08829       ,       12.5       7.87
0.14455       ,       12.5       7.87
0.21124       ,       12.5       7.87
0.17004       ,       12.5       7.87
0.22489       ,       12.5       7.87
0.11747       ,       12.5       7.87
0.09378       ,       12.5       7.87
0.62976       ,       0       8.14
0.63796       ,       0       8.14
0.62739       ,       0       8.14
1.05393       ,       0       8.14
0.7842       ,       0       8.14
0.80271       ,       0       8.14
0.7258       ,       0       8.14
1.25179       ,       0       8.14
0.85204       ,       0       8.14
1.23247       ,       0       8.14
0.98843       ,       0       8.14
0.75026       ,       0       8.14
0.84054       ,       0       8.14
0.67191       ,       0       8.14
0.95577       ,       0       8.14
0.77299       ,       0       8.14
1.00245       ,       0       8.14
1.13081       ,       0       8.14
1.35472       ,       0       8.14
1.38799       ,       0       8.14
1.15172       ,       0       8.14
1.61282       ,       0       8.14
0.06417       ,       0       5.96
0.09744       ,       0       5.96
