9.91655       ,       0       18.1
25.0461       ,       0       18.1
14.2362       ,       0       18.1
9.59571       ,       0       18.1
24.8017       ,       0       18.1
41.5292       ,       0       18.1
67.9208       ,       0       18.1
20.7162       ,       0       18.1
11.9511       ,       0       18.1
7.40389       ,       0       18.1
14.4383       ,       0       18.1
51.1358       ,       0       18.1
14.0507       ,       0       18.1
18.811       ,       0       18.1
28.6558       ,       0       18.1
45.7461       ,       0       18.1
18.0846       ,       0       18.1
10.8342       ,       0       18.1
25.9406       ,       0       18.1
73.5341       ,       0       18.1
11.8123       ,       0       18.1
11.0874       ,       0       18.1
7.02259       ,       0       18.1
12.0482       ,       0       18.1
7.05042       ,       0       18.1
8.79212       ,       0       18.1
15.8603       ,       0       18.1
12.2472       ,       0       18.1
37.6619       ,       0       18.1
7.36711       ,       0       18.1
9.33889       ,       0       18.1
8.49213       ,       0       18.1
10.0623       ,       0       18.1
6.44405       ,       0       18.1
5.58107       ,       0       18.1
13.9134       ,       0       18.1
