0.19539       ,       0       10.81
0.07896       ,       0       12.83
0.09512       ,       0       12.83
0.10153       ,       0       12.83
0.08707       ,       0       12.83
0.05646       ,       0       12.83
0.08387       ,       0       12.83
0.04113       ,       25       4.86
0.04462       ,       25       4.86
0.03659       ,       25       4.86
0.03551       ,       25       4.86
0.05059       ,       0       4.49
0.05735       ,       0       4.49
0.05188       ,       0       4.49
0.07151       ,       0       4.49
0.0566       ,       0       3.41
0.05302       ,       0       3.41
0.04684       ,       0       3.41
0.03932       ,       0       3.41
0.04203       ,       28       15.04
0.02875       ,       28       15.04
0.04294       ,       28       15.04
0.12204       ,       0       2.89
0.11504       ,       0       2.89
0.12083       ,       0       2.89
0.08187       ,       0       2.89
0.0686       ,       0       2.89
0.14866       ,       0       8.56
0.11432       ,       0       8.56
0.22876       ,       0       8.56
0.21161       ,       0       8.56
0.1396       ,       0       8.56
0.13262       ,       0       8.56
0.1712       ,       0       8.56
0.13117       ,       0       8.56
0.12802       ,       0       8.56
0.26363       ,       0       8.56
