0.30347       ,       0       7.38
0.24103       ,       0       7.38
0.06617       ,       0       3.24
0.06724       ,       0       3.24
0.04544       ,       0       3.24
0.05023       ,       35       6.06
0.03466       ,       35       6.06
0.05083       ,       0       5.19
0.03738       ,       0       5.19
0.03961       ,       0       5.19
0.03427       ,       0       5.19
0.03041       ,       0       5.19
0.03306       ,       0       5.19
0.05497       ,       0       5.19
0.06151       ,       0       5.19
0.01301       ,       35       1.52
0.02498       ,       0       1.89
0.02543       ,       55       3.78
0.03049       ,       55       3.78
0.03113       ,       0       4.39
0.06162       ,       0       4.39
0.0187       ,       85       4.15
0.01501       ,       80       2.01
0.02899       ,       40       1.25
0.06211       ,       40       1.25
0.0795       ,       60       1.69
0.07244       ,       60       1.69
0.01709       ,       90       2.02
0.04301       ,       80       1.91
0.10659       ,       80       1.91
8.98296       ,       0       18.1
3.8497       ,       0       18.1
5.20177       ,       0       18.1
4.26131       ,       0       18.1
4.54192       ,       0       18.1
3.83684       ,       0       18.1
