0.36894       ,       22       5.86
0.04819       ,       80       3.64
0.03548       ,       80       3.64
0.01538       ,       90       3.75
0.61154       ,       20       3.97
0.66351       ,       20       3.97
0.65665       ,       20       3.97
0.54011       ,       20       3.97
0.53412       ,       20       3.97
0.52014       ,       20       3.97
0.82526       ,       20       3.97
0.55007       ,       20       3.97
0.76162       ,       20       3.97
0.7857       ,       20       3.97
0.57834       ,       20       3.97
0.5405       ,       20       3.97
0.09065       ,       20       6.96
0.29916       ,       20       6.96
0.16211       ,       20       6.96
0.1146       ,       20       6.96
0.22188       ,       20       6.96
0.05644       ,       40       6.41
0.09604       ,       40       6.41
0.10469       ,       40       6.41
0.06127       ,       40       6.41
0.07978       ,       40       6.41
0.21038       ,       20       3.33
0.03578       ,       20       3.33
0.03705       ,       20       3.33
0.06129       ,       20       3.33
0.01501       ,       90       1.21
0.00906       ,       90       2.97
0.01096       ,       55       2.25
0.01965       ,       80       1.76
0.03871       ,       52.5       5.32
0.0459       ,       52.5       5.32
0.04297       ,       52.5       5.32
