0.10793       ,       0       8.56
0.10084       ,       0       10.01
0.12329       ,       0       10.01
0.22212       ,       0       10.01
0.14231       ,       0       10.01
0.17134       ,       0       10.01
0.13158       ,       0       10.01
0.15098       ,       0       10.01
0.13058       ,       0       10.01
0.14476       ,       0       10.01
0.06899       ,       0       25.65
0.07165       ,       0       25.65
0.09299       ,       0       25.65
0.15038       ,       0       25.65
0.09849       ,       0       25.65
0.16902       ,       0       25.65
0.38735       ,       0       25.65
0.25915       ,       0       21.89
0.32543       ,       0       21.89
0.88125       ,       0       21.89
0.34006       ,       0       21.89
1.19294       ,       0       21.89
0.59005       ,       0       21.89
0.32982       ,       0       21.89
0.97617       ,       0       21.89
0.55778       ,       0       21.89
0.32264       ,       0       21.89
0.35233       ,       0       21.89
0.2498       ,       0       21.89
0.54452       ,       0       21.89
0.2909       ,       0       21.89
1.62864       ,       0       21.89
3.32105       ,       0       19.58
4.0974       ,       0       19.58
2.77974       ,       0       19.58
