0.03502       ,       80       4.95
0.07886       ,       80       4.95
0.03615       ,       80       4.95
0.08265       ,       0       13.92
0.08199       ,       0       13.92
0.12932       ,       0       13.92
0.05372       ,       0       13.92
0.14103       ,       0       13.92
0.06466       ,       70       2.24
0.05561       ,       70       2.24
0.04417       ,       70       2.24
0.03537       ,       34       6.09
0.09266       ,       34       6.09
0.1       ,       34       6.09
0.05515       ,       33       2.18
0.05479       ,       33       2.18
0.07503       ,       33       2.18
0.04932       ,       33       2.18
0.49298       ,       0       9.9
0.3494       ,       0       9.9
2.63548       ,       0       9.9
0.79041       ,       0       9.9
0.26169       ,       0       9.9
0.26938       ,       0       9.9
0.3692       ,       0       9.9
0.25356       ,       0       9.9
0.31827       ,       0       9.9
0.24522       ,       0       9.9
0.40202       ,       0       9.9
0.47547       ,       0       9.9
0.1676       ,       0       7.38
0.18159       ,       0       7.38
0.35114       ,       0       7.38
0.28392       ,       0       7.38
0.34109       ,       0       7.38
0.19186       ,       0       7.38
