0.08014       ,       0       5.96
0.17505       ,       0       5.96
0.02763       ,       75       2.95
0.03359       ,       75       2.95
0.12744       ,       0       6.91
0.1415       ,       0       6.91
0.15936       ,       0       6.91
0.12269       ,       0       6.91
0.17142       ,       0       6.91
0.18836       ,       0       6.91
0.22927       ,       0       6.91
0.25387       ,       0       6.91
0.21977       ,       0       6.91
0.08873       ,       21       5.64
0.04337       ,       21       5.64
0.0536       ,       21       5.64
0.04981       ,       21       5.64
0.0136       ,       75       4
0.01311       ,       90       1.22
0.02055       ,       85       0.74
0.01432       ,       100       1.32
0.15445       ,       25       5.13
0.10328       ,       25       5.13
0.14932       ,       25       5.13
0.17171       ,       25       5.13
0.11027       ,       25       5.13
0.1265       ,       25       5.13
0.01951       ,       17.5       1.38
0.03584       ,       80       3.37
0.04379       ,       80       3.37
0.05789       ,       12.5       6.07
0.13554       ,       12.5       6.07
0.12816       ,       12.5       6.07
0.08826       ,       0       10.81
0.15876       ,       0       10.81
0.09164       ,       0       10.81
