3.67822       ,       0       18.1
4.22239       ,       0       18.1
3.47428       ,       0       18.1
4.55587       ,       0       18.1
3.69695       ,       0       18.1
13.5222       ,       0       18.1
4.89822       ,       0       18.1
5.66998       ,       0       18.1
6.53876       ,       0       18.1
9.2323       ,       0       18.1
8.26725       ,       0       18.1
11.1081       ,       0       18.1
18.4982       ,       0       18.1
19.6091       ,       0       18.1
15.288       ,       0       18.1
9.82349       ,       0       18.1
23.6482       ,       0       18.1
17.8667       ,       0       18.1
88.9762       ,       0       18.1
15.8744       ,       0       18.1
9.18702       ,       0       18.1
7.99248       ,       0       18.1
20.0849       ,       0       18.1
16.8118       ,       0       18.1
24.3938       ,       0       18.1
22.5971       ,       0       18.1
14.3337       ,       0       18.1
8.15174       ,       0       18.1
6.96215       ,       0       18.1
5.29305       ,       0       18.1
11.5779       ,       0       18.1
8.64476       ,       0       18.1
13.3598       ,       0       18.1
8.71675       ,       0       18.1
5.87205       ,       0       18.1
7.67202       ,       0       18.1
38.3518       ,       0       18.1
