0.07013       ,       0       13.89
0.11069       ,       0       13.89
0.11425       ,       0       13.89
0.35809       ,       0       6.2
0.40771       ,       0       6.2
0.62356       ,       0       6.2
0.6147       ,       0       6.2
0.31533       ,       0       6.2
0.52693       ,       0       6.2
0.38214       ,       0       6.2
0.41238       ,       0       6.2
0.29819       ,       0       6.2
0.44178       ,       0       6.2
0.537       ,       0       6.2
0.46296       ,       0       6.2
0.57529       ,       0       6.2
0.33147       ,       0       6.2
0.44791       ,       0       6.2
0.33045       ,       0       6.2
0.52058       ,       0       6.2
0.51183       ,       0       6.2
0.08244       ,       30       4.93
0.09252       ,       30       4.93
0.11329       ,       30       4.93
0.10612       ,       30       4.93
0.1029       ,       30       4.93
0.12757       ,       30       4.93
0.20608       ,       22       5.86
0.19133       ,       22       5.86
0.33983       ,       22       5.86
0.19657       ,       22       5.86
0.16439       ,       22       5.86
0.19073       ,       22       5.86
0.1403       ,       22       5.86
0.21409       ,       22       5.86
0.08221       ,       22       5.86
