11.1604       ,       0       18.1
14.4208       ,       0       18.1
15.1772       ,       0       18.1
13.6781       ,       0       18.1
9.39063       ,       0       18.1
22.0511       ,       0       18.1
9.72418       ,       0       18.1
5.66637       ,       0       18.1
9.96654       ,       0       18.1
12.8023       ,       0       18.1
10.6718       ,       0       18.1
6.28807       ,       0       18.1
9.92485       ,       0       18.1
9.32909       ,       0       18.1
7.52601       ,       0       18.1
6.71772       ,       0       18.1
5.44114       ,       0       18.1
5.09017       ,       0       18.1
8.24809       ,       0       18.1
9.51363       ,       0       18.1
4.75237       ,       0       18.1
4.66883       ,       0       18.1
8.20058       ,       0       18.1
7.75223       ,       0       18.1
6.80117       ,       0       18.1
4.81213       ,       0       18.1
3.69311       ,       0       18.1
6.65492       ,       0       18.1
5.82115       ,       0       18.1
7.83932       ,       0       18.1
3.1636       ,       0       18.1
3.77498       ,       0       18.1
4.42228       ,       0       18.1
15.5757       ,       0       18.1
13.0751       ,       0       18.1
