2.37934       ,       0       19.58
2.15505       ,       0       19.58
2.36862       ,       0       19.58
2.33099       ,       0       19.58
2.73397       ,       0       19.58
1.6566       ,       0       19.58
1.49632       ,       0       19.58
1.12658       ,       0       19.58
2.14918       ,       0       19.58
1.41385       ,       0       19.58
3.53501       ,       0       19.58
2.44668       ,       0       19.58
1.22358       ,       0       19.58
1.34284       ,       0       19.58
1.42502       ,       0       19.58
1.27346       ,       0       19.58
1.46336       ,       0       19.58
1.83377       ,       0       19.58
1.51902       ,       0       19.58
2.24236       ,       0       19.58
2.924       ,       0       19.58
2.01019       ,       0       19.58
1.80028       ,       0       19.58
2.3004       ,       0       19.58
2.44953       ,       0       19.58
1.20742       ,       0       19.58
2.3139       ,       0       19.58
0.13914       ,       0       4.05
0.09178       ,       0       4.05
0.08447       ,       0       4.05
0.06664       ,       0       4.05
0.07022       ,       0       4.05
0.05425       ,       0       4.05
0.06642       ,       0       4.05
0.0578       ,       0       2.46
0.06588       ,       0       2.46
