4.34879       ,       0       18.1
4.03841       ,       0       18.1
3.56868       ,       0       18.1
4.64689       ,       0       18.1
8.05579       ,       0       18.1
6.39312       ,       0       18.1
4.87141       ,       0       18.1
15.0234       ,       0       18.1
10.233       ,       0       18.1
14.3337       ,       0       18.1
5.82401       ,       0       18.1
5.70818       ,       0       18.1
5.73116       ,       0       18.1
2.81838       ,       0       18.1
2.37857       ,       0       18.1
3.67367       ,       0       18.1
5.69175       ,       0       18.1
4.83567       ,       0       18.1
0.15086       ,       0       27.74
0.18337       ,       0       27.74
0.20746       ,       0       27.74
0.10574       ,       0       27.74
0.11132       ,       0       27.74
0.17331       ,       0       9.69
0.27957       ,       0       9.69
0.17899       ,       0       9.69
0.2896       ,       0       9.69
0.26838       ,       0       9.69
0.23912       ,       0       9.69
0.17783       ,       0       9.69
0.22438       ,       0       9.69
0.06263       ,       0       11.93
0.04527       ,       0       11.93
0.06076       ,       0       11.93
0.10959       ,       0       11.93
0.04741       ,       0       11.93
