0.06888       ,       0       2.46
0.09103       ,       0       2.46
0.10008       ,       0       2.46
0.08308       ,       0       2.46
0.06047       ,       0       2.46
0.05602       ,       0       2.46
0.07875       ,       45       3.44
0.12579       ,       45       3.44
0.0837       ,       45       3.44
0.09068       ,       45       3.44
0.06911       ,       45       3.44
0.08664       ,       45       3.44
0.02187       ,       60       2.93
0.01439       ,       60       2.93
0.01381       ,       80       0.46
0.04011       ,       80       1.52
0.04666       ,       80       1.52
0.03768       ,       80       1.52
0.0315       ,       95       1.47
0.01778       ,       95       1.47
0.03445       ,       82.5       2.03
0.02177       ,       82.5       2.03
0.0351       ,       95       2.68
0.02009       ,       95       2.68
0.13642       ,       0       10.59
0.22969       ,       0       10.59
0.25199       ,       0       10.59
0.13587       ,       0       10.59
0.43571       ,       0       10.59
0.17446       ,       0       10.59
0.37578       ,       0       10.59
0.21719       ,       0       10.59
0.14052       ,       0       10.59
0.28955       ,       0       10.59
0.19802       ,       0       10.59
0.0456       ,       0       13.89
